2.500183799999999845e+00
2.502597100000000019e+00
2.505015000000000214e+00
2.507437700000000103e+00
2.509865000000000013e+00
2.512297100000000061e+00
2.514733800000000130e+00
2.517175299999999893e+00
2.519621599999999795e+00
2.522072500000000161e+00
2.524528300000000058e+00
2.526988900000000093e+00
2.529454199999999986e+00
2.531924399999999853e+00
2.534399399999999858e+00
2.536879200000000001e+00
2.539363999999999955e+00
2.541853500000000210e+00
2.544347999999999832e+00
2.546847300000000036e+00
2.549351600000000051e+00
2.551860800000000040e+00
2.554374999999999840e+00
2.556894100000000059e+00
2.559418200000000088e+00
2.561947200000000091e+00
2.564481300000000186e+00
2.567020400000000091e+00
2.569564499999999807e+00
2.572113700000000058e+00
2.574667900000000120e+00
2.577227300000000110e+00
2.579791699999999910e+00
2.582361199999999801e+00
2.584935799999999784e+00
2.587515600000000138e+00
2.590100500000000139e+00
2.592690600000000067e+00
2.595285899999999923e+00
2.597886400000000151e+00
2.600492099999999862e+00
2.603103099999999781e+00
2.605719199999999791e+00
2.608340699999999845e+00
2.610967399999999827e+00
2.613599400000000017e+00
2.616236799999999807e+00
2.618879399999999968e+00
2.621527500000000011e+00
2.624180799999999980e+00
2.626839599999999830e+00
2.629503699999999888e+00
2.632173299999999827e+00
2.634848199999999974e+00
2.637528699999999837e+00
2.640214499999999909e+00
2.642905900000000141e+00
2.645602699999999974e+00
2.648305099999999968e+00
2.651012999999999842e+00
2.653726400000000041e+00
2.656445399999999957e+00
2.659169900000000197e+00
2.661900099999999991e+00
2.664635899999999946e+00
2.667377300000000062e+00
2.670124299999999895e+00
2.672877000000000169e+00
2.675635399999999997e+00
2.678399499999999822e+00
2.681169300000000089e+00
2.683944799999999908e+00
2.686726100000000006e+00
2.689513199999999937e+00
2.692305999999999866e+00
2.695104699999999909e+00
2.697909199999999785e+00
2.700719499999999940e+00
2.703535700000000208e+00
2.706357699999999866e+00
2.709185699999999919e+00
2.712019600000000086e+00
2.714859399999999923e+00
2.717705200000000154e+00
2.720556900000000056e+00
2.723414599999999908e+00
2.726278399999999991e+00
2.729148100000000188e+00
2.732024000000000008e+00
2.734905799999999942e+00
2.737793799999999944e+00
2.740687900000000177e+00
2.743588100000000196e+00
2.746494400000000002e+00
2.749407000000000156e+00
2.752325599999999817e+00
2.755250499999999825e+00
2.758181700000000180e+00
2.761118999999999879e+00
2.764062700000000206e+00
2.767012600000000155e+00
2.769968800000000009e+00
2.772931300000000210e+00
2.775900200000000151e+00
2.778875399999999996e+00
2.781857099999999861e+00
2.784845100000000073e+00
2.787839599999999862e+00
2.790840499999999835e+00
2.793847799999999992e+00
2.796861700000000006e+00
2.799882100000000040e+00
2.802909000000000095e+00
2.805942400000000170e+00
2.808982499999999938e+00
2.812029100000000170e+00
2.815082299999999815e+00
2.818142200000000042e+00
2.821208700000000125e+00
2.824281899999999901e+00
2.827361900000000094e+00
2.830448500000000145e+00
2.833541900000000169e+00
2.836641999999999886e+00
2.839748999999999857e+00
2.842862799999999801e+00
2.845983299999999883e+00
2.849110800000000054e+00
2.852245100000000200e+00
2.855386399999999991e+00
2.858534600000000037e+00
2.861689699999999892e+00
2.864851799999999837e+00
2.868020899999999873e+00
2.871196999999999999e+00
2.874380100000000215e+00
2.877570299999999914e+00
2.880767599999999984e+00
2.883971999999999980e+00
2.887183600000000183e+00
2.890402299999999869e+00
2.893628200000000206e+00
2.896861299999999861e+00
2.900101600000000168e+00
2.903349200000000074e+00
2.906604100000000024e+00
2.909866300000000017e+00
2.913135800000000053e+00
2.916412699999999969e+00
2.919696899999999928e+00
2.922988600000000048e+00
2.926287700000000047e+00
2.929594199999999926e+00
2.932908299999999802e+00
2.936228900000000142e+00
2.939558799999999916e+00
2.942895500000000109e+00
2.946239700000000017e+00
2.949590600000000062e+00
2.952950899999999823e+00
2.956318000000000001e+00
2.959692800000000013e+00
2.963074499999999833e+00
2.966465599999999814e+00
2.969863600000000048e+00
2.973268500000000092e+00
2.976682199999999945e+00
2.980104499999999934e+00
2.983533899999999850e+00
2.986970200000000020e+00
2.990416300000000138e+00
2.993869500000000183e+00
2.997330600000000178e+00
3.000798800000000099e+00
3.004276899999999806e+00
3.007762099999999883e+00
3.011254600000000003e+00
3.014756000000000213e+00
3.018266500000000185e+00
3.021784300000000201e+00
3.025309399999999815e+00
3.028843699999999917e+00
3.032387099999999780e+00
3.035937899999999967e+00
3.039496100000000034e+00
3.043063599999999980e+00
3.046640399999999804e+00
3.050223799999999930e+00
3.053816499999999934e+00
3.057417699999999794e+00
3.061028299999999813e+00
3.064645599999999970e+00
3.068272400000000122e+00
3.071908800000000106e+00
3.075552800000000087e+00
3.079204499999999900e+00
3.082865899999999826e+00
3.086536900000000028e+00
3.090214800000000039e+00
3.093902400000000164e+00
3.097598800000000097e+00
3.101305099999999815e+00
3.105018199999999950e+00
3.108741300000000152e+00
3.112473299999999998e+00
3.116215200000000074e+00
3.119964200000000076e+00
3.123723200000000144e+00
3.127491200000000138e+00
3.131268400000000174e+00
3.135054699999999972e+00
3.138850199999999813e+00
3.142654799999999859e+00
3.146468699999999785e+00
3.150291900000000034e+00
3.154124400000000161e+00
3.157966200000000168e+00
3.161817399999999889e+00
3.165678000000000214e+00
3.169547999999999810e+00
3.173427499999999846e+00
3.177316499999999877e+00
3.181215100000000184e+00
3.185123200000000043e+00
3.189040900000000178e+00
3.192968299999999982e+00
3.196905399999999897e+00
3.200852199999999925e+00
3.204808799999999902e+00
3.208775099999999991e+00
3.212751299999999866e+00
3.216737300000000133e+00
3.220733300000000021e+00
3.224739200000000139e+00
3.228755000000000042e+00
3.232780899999999846e+00
3.236816800000000161e+00
3.240862900000000213e+00
3.244918999999999887e+00
3.248985300000000187e+00
3.253061900000000062e+00
3.257148599999999838e+00
3.261245699999999914e+00
3.265353000000000172e+00
3.269470800000000121e+00
3.273598900000000089e+00
3.277737399999999912e+00
3.281886500000000151e+00
3.286045999999999800e+00
3.290216099999999866e+00
3.294396900000000183e+00
3.298588200000000192e+00
3.302790200000000009e+00
3.307002999999999915e+00
3.311226500000000073e+00
3.315460799999999875e+00
3.319705900000000209e+00
3.323961999999999861e+00
3.328228900000000046e+00
3.332506899999999828e+00
3.336795799999999979e+00
3.341095800000000171e+00
3.345406899999999961e+00
3.349729099999999793e+00
3.354062599999999783e+00
3.358407199999999815e+00
3.362763100000000005e+00
3.367130299999999909e+00
3.371508899999999809e+00
3.375898900000000147e+00
3.380300399999999872e+00
3.384713300000000036e+00
3.389137700000000031e+00
3.393573799999999974e+00
3.398021500000000028e+00
3.402480800000000194e+00
3.406951900000000144e+00
3.411434700000000042e+00
3.415929400000000005e+00
3.420435900000000196e+00
3.424954300000000007e+00
3.429484700000000164e+00
3.434026999999999941e+00
3.438581399999999899e+00
3.443147900000000039e+00
3.447726600000000197e+00
3.452317499999999928e+00
3.456920499999999841e+00
3.461535899999999888e+00
3.466163700000000070e+00
3.470803800000000106e+00
3.475456299999999832e+00
3.480121399999999809e+00
3.484799000000000202e+00
3.489489100000000121e+00
3.494191999999999965e+00
3.498907500000000059e+00
3.503635699999999797e+00
3.508376800000000184e+00
3.513130700000000051e+00
3.517897500000000122e+00
3.522677199999999953e+00
3.527470000000000105e+00
3.532275799999999855e+00
3.537094800000000205e+00
3.541926899999999989e+00
3.546772199999999930e+00
3.551630799999999866e+00
3.556502699999999795e+00
3.561387999999999998e+00
3.566286799999999868e+00
3.571199000000000012e+00
3.576124800000000103e+00
3.581064200000000142e+00
3.586017299999999963e+00
3.590984000000000176e+00
3.595964599999999844e+00
3.600959000000000021e+00
3.605967300000000098e+00
3.610989500000000074e+00
3.616025800000000068e+00
3.621076099999999798e+00
3.626140599999999825e+00
3.631219199999999869e+00
3.636312100000000047e+00
3.641419299999999915e+00
3.646540799999999916e+00
3.651676800000000167e+00
3.656827199999999944e+00
3.661992300000000089e+00
3.667171900000000040e+00
3.672366199999999914e+00
3.677575200000000155e+00
3.682799000000000156e+00
3.688037700000000196e+00
3.693291400000000113e+00
3.698560000000000070e+00
3.703843599999999903e+00
3.709142400000000173e+00
3.714456399999999991e+00
3.719785599999999803e+00
3.725130099999999889e+00
3.730490000000000084e+00
3.735865399999999781e+00
3.741256200000000032e+00
3.746662699999999901e+00
3.752084799999999998e+00
3.757522600000000157e+00
3.762976200000000215e+00
3.768445600000000173e+00
3.773931000000000147e+00
3.779432299999999856e+00
3.784949800000000142e+00
3.790483300000000000e+00
3.796033099999999827e+00
3.801599099999999787e+00
3.807181499999999996e+00
3.812780300000000011e+00
3.818395600000000112e+00
3.824027399999999854e+00
3.829675899999999800e+00
3.835341099999999948e+00
3.841023100000000134e+00
3.846722000000000197e+00
3.852437800000000134e+00
3.858170599999999784e+00
3.863920400000000033e+00
3.869687499999999947e+00
3.875471800000000133e+00
3.881273399999999985e+00
3.887092399999999781e+00
3.892928899999999803e+00
3.898782900000000051e+00
3.904654600000000197e+00
3.910543999999999798e+00
3.916451100000000185e+00
3.922376199999999979e+00
3.928319199999999789e+00
3.934280199999999894e+00
3.940259399999999967e+00
3.946256700000000173e+00
3.952272400000000019e+00
3.958306400000000114e+00
3.964358799999999849e+00
3.970429799999999787e+00
3.976519399999999926e+00
3.982627799999999940e+00
3.988754899999999992e+00
3.994900900000000199e+00
4.001065900000000397e+00
4.007249899999999698e+00
4.013453100000000440e+00
4.019675499999999957e+00
4.025917200000000307e+00
4.032178400000000273e+00
4.038459099999999857e+00
4.044759299999999946e+00
4.051079200000000213e+00
4.057419000000000331e+00
4.063778600000000019e+00
4.070158099999999557e+00
4.076557799999999787e+00
4.082977500000000148e+00
4.089417599999999986e+00
4.095877899999999627e+00
4.102358800000000194e+00
4.108860100000000237e+00
4.115382099999999710e+00
4.121924899999999781e+00
4.128488499999999561e+00
4.135073000000000221e+00
4.141678500000000263e+00
4.148305200000000248e+00
4.154953199999999569e+00
4.161622399999999722e+00
4.168313200000000052e+00
4.175025399999999998e+00
4.181759300000000401e+00
4.188514999999999766e+00
4.195292499999999869e+00
4.202092099999999775e+00
4.208913599999999811e+00
4.215757400000000210e+00
4.222623500000000085e+00
4.229511900000000324e+00
4.236422899999999991e+00
4.243356499999999976e+00
4.250312799999999669e+00
4.257291999999999632e+00
4.264294099999999865e+00
4.271319300000000041e+00
4.278367700000000440e+00
4.285439399999999566e+00
4.292534500000000364e+00
4.299653099999999561e+00
4.306795400000000384e+00
4.313961499999999560e+00
4.321151399999999754e+00
4.328365400000000029e+00
4.335603500000000388e+00
4.342865800000000220e+00
4.350152500000000089e+00
4.357463700000000273e+00
4.364799500000000165e+00
4.372160000000000046e+00
4.379545399999999589e+00
4.386955799999999961e+00
4.394391399999999948e+00
4.401852100000000156e+00
4.409338299999999933e+00
4.416849899999999884e+00
4.424387199999999964e+00
4.431950299999999565e+00
4.439539199999999575e+00
4.447154199999999946e+00
4.454795400000000072e+00
4.462462900000000232e+00
4.470156799999999819e+00
4.477877300000000282e+00
4.485624500000000126e+00
4.493398499999999629e+00
4.501199599999999634e+00
4.509027699999999861e+00
4.516883199999999654e+00
4.524766099999999902e+00
4.532676499999999997e+00
4.540614699999999893e+00
4.548580699999999588e+00
4.556574699999999645e+00
4.564596800000000343e+00
4.572647199999999579e+00
4.580726099999999690e+00
4.588833600000000068e+00
4.596969900000000386e+00
4.605134999999999756e+00
4.613329199999999908e+00
4.621552600000000233e+00
4.629805400000000404e+00
4.638087699999999813e+00
4.646399699999999910e+00
4.654741500000000087e+00
4.663113400000000297e+00
4.671515399999999651e+00
4.679947699999999600e+00
4.688410600000000095e+00
4.696904100000000248e+00
4.705428399999999733e+00
4.713983699999999999e+00
4.722570199999999829e+00
4.731188099999999785e+00
4.739837399999999867e+00
4.748518500000000309e+00
4.757231299999999941e+00
4.765976300000000165e+00
4.774753399999999814e+00
4.783562899999999729e+00
4.792404999999999582e+00
4.801279799999999653e+00
4.810187599999999897e+00
4.819128499999999704e+00
4.828102600000000244e+00
4.837110299999999974e+00
4.846151599999999782e+00
4.855226799999999621e+00
4.864336100000000052e+00
4.873479599999999579e+00
4.882657499999999651e+00
4.891870100000000221e+00
4.901117499999999794e+00
4.910399899999999818e+00
4.919717600000000246e+00
4.929068199999999678e+00
4.938459400000000166e+00
4.947883899999999890e+00
4.957344499999999599e+00
4.966838899999999946e+00
4.976374700000000040e+00
4.985944599999999838e+00
4.995551500000000367e+00
5.005192899999999945e+00
5.014876600000000018e+00
5.024595399999999934e+00
5.034349399999999974e+00
5.044143799999999622e+00
5.053978999999999999e+00
5.063850099999999799e+00
5.073757200000000189e+00
5.083708299999999625e+00
5.093695999999999557e+00
5.103722999999999566e+00
5.113786900000000024e+00
5.123895799999999667e+00
5.134042100000000275e+00
5.144226100000000024e+00
5.154453199999999846e+00
5.164723699999999695e+00
5.175032500000000368e+00
5.185379900000000042e+00
5.195771500000000209e+00
5.206207499999999655e+00
5.216682699999999784e+00
5.227197499999999941e+00
5.237757499999999844e+00
5.248363000000000334e+00
5.259006000000000292e+00
5.269695099999999854e+00
5.280427699999999724e+00
5.291206899999999713e+00
5.302024499999999918e+00
5.312889300000000148e+00
5.323798799999999609e+00
5.334755900000000217e+00
5.345752599999999966e+00
5.356797499999999879e+00
5.367891099999999582e+00
5.379024900000000109e+00
5.390207900000000052e+00
5.401437500000000114e+00
5.412716999999999778e+00
5.424037700000000406e+00
5.435408899999999655e+00
5.446827800000000330e+00
5.458297800000000422e+00
5.469810200000000400e+00
5.481374299999999700e+00
5.492987399999999631e+00
5.504649800000000148e+00
5.516361800000000315e+00
5.528123800000000365e+00
5.539935999999999972e+00
5.551798800000000256e+00
5.563712599999999675e+00
5.575677599999999678e+00
5.587694100000000219e+00
5.599762600000000035e+00
5.611883299999999686e+00
5.624056600000000294e+00
5.636282800000000037e+00
5.648562300000000036e+00
5.660895400000000244e+00
5.673282500000000006e+00
5.685723900000000164e+00
5.698220000000000063e+00
5.710771099999999656e+00
5.723377700000000345e+00
5.736040100000000308e+00
5.748758600000000385e+00
5.761533599999999922e+00
5.774365500000000040e+00
5.787254700000000085e+00
5.800201600000000290e+00
5.813206600000000002e+00
5.826270000000000060e+00
5.839392199999999811e+00
5.852573699999999768e+00
5.865814799999999885e+00
5.879115999999999786e+00
5.892477600000000315e+00
5.905900100000000208e+00
5.919383899999999699e+00
5.932929399999999909e+00
5.946537099999999576e+00
5.960207300000000430e+00
5.973940500000000320e+00
5.987737100000000368e+00
6.001597600000000199e+00
6.015522500000000328e+00
6.029512000000000427e+00
6.043566900000000075e+00
6.057687399999999833e+00
6.071874000000000215e+00
6.086127199999999959e+00
6.100447499999999579e+00
6.114835399999999588e+00
6.129291300000000220e+00
6.143815700000000213e+00
6.158409100000000080e+00
6.173071900000000056e+00
6.187804800000000327e+00
6.202608200000000238e+00
6.217482600000000303e+00
6.232428399999999868e+00
6.247446400000000288e+00
6.262536800000000348e+00
6.277700399999999625e+00
6.292937499999999851e+00
6.308248800000000323e+00
6.323634799999999778e+00
6.339095999999999620e+00
6.354632999999999754e+00
6.370246400000000087e+00
6.385936599999999963e+00
6.401704399999999850e+00
6.417550199999999982e+00
6.433474699999999658e+00
6.449478299999999997e+00
6.465561799999999693e+00
6.481725700000000145e+00
6.497970699999999766e+00
6.514297299999999957e+00
6.530706099999999736e+00
6.547197800000000178e+00
6.563773000000000302e+00
6.580432300000000012e+00
6.597176400000000385e+00
6.614005999999999830e+00
6.630921599999999749e+00
6.647923999999999722e+00
6.665013700000000263e+00
6.682191600000000342e+00
6.699458299999999866e+00
6.716814399999999630e+00
6.734260700000000099e+00
6.751797800000000294e+00
6.769426600000000072e+00
6.787147599999999947e+00
6.804961600000000388e+00
6.822869400000000084e+00
6.840871700000000111e+00
6.858969300000000047e+00
6.877162900000000079e+00
6.895453200000000393e+00
6.913841099999999962e+00
6.932327299999999859e+00
6.950912699999999944e+00
6.969597900000000124e+00
6.988383899999999649e+00
7.007271399999999595e+00
7.026261400000000101e+00
7.045354500000000186e+00
7.064551599999999709e+00
7.083853699999999698e+00
7.103261500000000339e+00
7.122775999999999996e+00
7.142398000000000025e+00
7.162128400000000283e+00
7.181968099999999744e+00
7.201918000000000042e+00
7.221979100000000429e+00
7.242152199999999596e+00
7.262438399999999739e+00
7.282838500000000437e+00
7.303353600000000334e+00
7.323984499999999898e+00
7.344732399999999828e+00
7.365598099999999704e+00
7.386582699999999946e+00
7.407687300000000086e+00
7.428912699999999703e+00
7.450260199999999777e+00
7.471730700000000169e+00
7.493325300000000411e+00
7.515045100000000033e+00
7.536891200000000346e+00
7.558864699999999992e+00
7.580966600000000000e+00
7.603198199999999574e+00
7.625560600000000022e+00
7.648054899999999989e+00
7.670682300000000176e+00
7.693444000000000393e+00
7.716341100000000175e+00
7.739374999999999893e+00
7.762546799999999969e+00
7.785857799999999607e+00
7.809309200000000395e+00
7.832902299999999762e+00
7.856638300000000186e+00
7.880518699999999654e+00
7.904544699999999757e+00
7.928717699999999979e+00
7.953038900000000133e+00
7.977509799999999984e+00
8.002131800000000794e+00
8.026906200000000879e+00
8.051834500000000006e+00
8.076918100000000322e+00
8.102158499999999819e+00
8.127557100000000645e+00
8.153115500000000182e+00
8.178835100000000580e+00
8.204717499999999220e+00
8.230764300000000588e+00
8.256976899999999731e+00
8.283357099999999917e+00
8.309906299999999746e+00
8.336626300000000711e+00
8.363518700000000194e+00
8.390585099999999130e+00
8.417827300000000790e+00
8.445246900000000778e+00
8.472845799999999983e+00
8.500625599999999338e+00
8.528588299999999123e+00
8.556735400000000880e+00
8.585069000000000727e+00
8.613590900000000161e+00
8.642302900000000676e+00
8.671206899999999607e+00
8.700304900000000785e+00
8.729598899999999162e+00
8.759090799999999177e+00
8.788782700000000503e+00
8.818676500000000473e+00
8.848774399999999929e+00
8.879078500000000318e+00
8.909590800000000144e+00
8.940313599999999639e+00
8.971248900000000859e+00
9.002399099999999876e+00
9.033766399999999308e+00
9.065352999999999994e+00
9.097161299999999784e+00
9.129193600000000686e+00
9.161452300000000548e+00
9.193939699999999604e+00
9.226658399999999816e+00
9.259610800000000808e+00
9.292799399999999821e+00
9.326226699999999425e+00
9.359895500000000368e+00
9.393808200000000497e+00
9.427967499999999390e+00
9.462376199999999571e+00
9.497036899999999449e+00
9.531952499999999162e+00
9.567125799999999458e+00
9.602559700000000475e+00
9.638256900000000016e+00
9.674220599999999948e+00
9.710453700000000410e+00
9.746959199999999157e+00
9.783740200000000442e+00
9.820799900000000804e+00
9.858141299999999774e+00
9.895767899999999173e+00
9.933682700000000310e+00
9.971889199999999676e+00
1.001038899999999998e+01
1.004918900000000015e+01
1.008829099999999990e+01
1.012769800000000053e+01
1.016741500000000009e+01
1.020744400000000063e+01
1.024778799999999990e+01
1.028845399999999977e+01
1.032944400000000051e+01
1.037076199999999915e+01
1.041241199999999978e+01
1.045439700000000016e+01
1.049672299999999936e+01
1.053939199999999943e+01
1.058240999999999943e+01
1.062578099999999992e+01
1.066951000000000072e+01
1.071359900000000032e+01
1.075805199999999928e+01
1.080287700000000051e+01
1.084807799999999922e+01
1.089365800000000029e+01
1.093962299999999921e+01
1.098597700000000010e+01
1.103272600000000025e+01
1.107987400000000022e+01
1.112742800000000010e+01
1.117539099999999941e+01
1.122376900000000077e+01
1.127256799999999970e+01
1.132179299999999955e+01
1.137144999999999939e+01
1.142154500000000006e+01
1.147208299999999959e+01
1.152307000000000059e+01
1.157451200000000036e+01
1.162641400000000047e+01
1.167878699999999981e+01
1.173163100000000014e+01
1.178495799999999960e+01
1.183876899999999921e+01
1.189307699999999990e+01
1.194788199999999989e+01
1.200319799999999937e+01
